9 1.590107 3.788784 1.947258 255 255 255
15 0.935281 3.517550 1.860310 255 255 255
24 4.224673 3.099673 1.701110 255 255 255
6 2.437875 3.480508 1.666503 255 255 255
21 0.447181 3.082935 1.687399 255 255 255
12 3.300444 3.100818 1.482095 255 255 255
3 1.963344 2.875861 1.268188 255 255 255
27 4.533504 2.120516 1.235102 255 255 255
17 3.469754 2.605519 1.200224 255 255 255
5 2.692234 2.725751 1.176807 255 255 255
14 0.989576 2.591983 1.235500 255 255 255
23 3.950138 2.104611 1.038213 255 255 255
29 4.606693 1.565305 1.003836 255 255 255
8 1.593024 2.339757 0.989889 255 255 255
11 2.857808 2.077194 0.831719 255 255 255
34 -0.060029 1.789846 1.151029 255 255 255
32 0.398570 1.800332 0.990973 255 255 255
26 3.820907 1.349436 0.674606 255 255 255
20 0.864580 1.860222 0.886171 255 255 255
2 2.265203 1.865394 0.711624 255 255 255
16 3.186003 1.620808 0.660603 255 255 255
13 1.541521 1.692096 0.685376 255 255 255
28 3.924075 0.810783 0.517658 255 255 255
4 2.442745 1.393314 0.514368 255 255 255
7 1.930033 1.406494 0.531218 255 255 255
22 3.288594 0.912063 0.420906 255 255 255
10 2.716713 0.919505 0.366358 255 255 255
31 1.090986 1.061044 0.522835 255 255 255
33 0.574398 1.006432 0.630339 255 255 255
25 3.255012 0.463113 0.297264 255 255 255
1 2.244414 0.753340 0.307061 255 255 255
19 1.523633 0.884782 0.396693 255 255 255
30 1.489521 0.443126 0.286268 255 255 255
43 -0.003321 1.002930 0.000000 255 255 255
42 1.000000 -0.000000 0.000000 255 255 255
41 0.000000 0.000000 0.000000 255 255 255
18 4.004437 3.381155 1.837366 255 255 255
