9 1.591174 3.787696 1.940616 255 255 255
18 4.002626 3.380271 1.828412 255 255 255
15 0.936905 3.516543 1.854701 255 255 255
24 4.222368 3.097780 1.692537 255 255 255
6 2.437798 3.479215 1.659512 255 255 255
21 0.449169 3.081873 1.682943 255 255 255
12 3.299153 3.099194 1.474761 255 255 255
27 4.529684 2.118087 1.227847 255 255 255
17 3.467787 2.603749 1.193518 255 255 255
3 1.963272 2.874481 1.262669 255 255 255
5 2.691263 2.724181 1.170777 255 255 255
23 3.947151 2.102498 1.031842 255 255 255
14 0.990489 2.590867 1.231361 255 255 255
29 4.602123 1.562640 0.997672 255 255 255
8 1.593061 2.338484 0.985596 255 255 255
11 2.856136 2.075554 0.826617 255 255 255
34 -0.057797 1.789386 1.148972 255 255 255
26 3.817433 1.347432 0.669852 255 255 255
16 3.183623 1.619066 0.655994 255 255 255
32 0.399992 1.799633 0.988550 255 255 255
2 2.264152 1.863945 0.707467 255 255 255
20 0.865347 1.859273 0.883286 255 255 255
13 1.541310 1.690995 0.682149 255 255 255
28 3.920062 0.808971 0.513904 255 255 255
4 2.441228 1.391987 0.510857 255 255 255
7 1.929218 1.405382 0.528114 255 255 255
22 3.285659 0.910598 0.417512 255 255 255
10 2.714649 0.918325 0.363432 255 255 255
31 1.091217 1.060436 0.520958 255 255 255
33 0.575422 1.006088 0.628940 255 255 255
25 3.251955 0.462030 0.294745 255 255 255
1 2.242964 0.752489 0.304738 255 255 255
19 1.523234 0.884101 0.394722 255 255 255
30 1.489123 0.442783 0.284979 255 255 255
43 -0.002403 1.001847 -0.000000 255 255 255
42 1.000000 0.000000 -0.000000 255 255 255
41 0.000000 0.000000 0.000000 255 255 255
