9 1.585537 3.793776 1.946973 255 255 255
18 4.000775 3.387281 1.835146 255 255 255
15 0.930581 3.521531 1.860388 255 255 255
24 4.220968 3.104004 1.698975 255 255 255
6 2.433958 3.485475 1.665491 255 255 255
21 0.442710 3.085544 1.687802 255 255 255
12 3.296907 3.105153 1.480520 255 255 255
27 4.529165 2.122029 1.233040 255 255 255
17 3.466245 2.608772 1.198542 255 255 255
3 1.959614 2.879222 1.267261 255 255 255
5 2.688798 2.729081 1.175465 255 255 255
23 3.946477 2.106486 1.036590 255 255 255
14 0.985755 2.594389 1.235241 255 255 255
29 4.601924 1.565275 1.002452 255 255 255
8 1.589718 2.342046 0.989153 255 255 255
11 2.854682 2.079298 0.830465 255 255 255
34 -0.062895 1.790814 1.151645 255 255 255
26 3.817391 1.349936 0.673816 255 255 255
16 3.183021 1.622023 0.659614 255 255 255
32 0.395630 1.801466 0.991132 255 255 255
2 2.262413 1.867027 0.710662 255 255 255
20 0.861679 1.861528 0.885961 255 255 255
13 1.538950 1.693470 0.684741 255 255 255
28 3.920553 0.810611 0.517708 255 255 255
4 2.440367 1.394396 0.513666 255 255 255
7 1.927835 1.407628 0.530564 255 255 255
22 3.285973 0.912439 0.420717 255 255 255
10 2.714715 0.920095 0.366095 255 255 255
31 1.089322 1.061707 0.522589 255 255 255
33 0.572848 1.006943 0.630367 255 255 255
25 3.252848 0.463284 0.297733 255 255 255
1 2.242942 0.753896 0.306805 255 255 255
19 1.522256 0.885352 0.396357 255 255 255
30 1.488902 0.443397 0.286161 255 255 255
43 -0.005840 1.002746 0.000000 255 255 255
42 1.000000 0.000000 -0.000000 255 255 255
41 0.000000 0.000000 0.000000 255 255 255
