9 -0.353063 1.424784 -2.112502 255 255 255
15 -0.714112 1.332405 -2.044370 255 255 255
18 0.895828 1.214897 -1.830241 255 255 255
21 -0.995178 1.153740 -1.914126 255 255 255
6 0.077723 1.195835 -1.999591 255 255 255
24 0.997409 1.075897 -1.724999 255 255 255
12 0.511812 0.995447 -1.827567 255 255 255
3 -0.204107 0.869919 -1.847742 255 255 255
14 -0.734234 0.805946 -1.774551 255 255 255
17 0.574889 0.735644 -1.663218 255 255 255
5 0.172091 0.772542 -1.764525 255 255 255
27 1.108604 0.606304 -1.376359 255 255 255
34 -1.334976 0.588457 -1.475621 255 255 255
23 0.801263 0.523454 -1.449262 255 255 255
8 -0.428255 0.613462 -1.690941 255 255 255
32 -1.090557 0.506024 -1.501176 255 255 255
29 1.117488 0.357163 -1.174324 255 255 255
11 0.225145 0.444438 -1.546048 255 255 255
20 -0.839817 0.461073 -1.532277 255 255 255
2 -0.098786 0.348931 -1.508276 255 255 255
13 -0.490558 0.309427 -1.472966 255 255 255
16 0.373842 0.242661 -1.362188 255 255 255
26 0.693066 0.166857 -1.200308 255 255 255
7 -0.300507 0.156089 -1.360713 255 255 255
4 -0.030478 0.133204 -1.332832 255 255 255
33 -1.040486 0.133062 -1.216759 255 255 255
31 -0.764038 0.084813 -1.244940 255 255 255
28 0.717963 -0.043641 -0.986021 255 255 255
22 0.389720 -0.050126 -1.091253 255 255 255
10 0.088443 -0.061851 -1.138297 255 255 255
19 -0.544380 -0.029110 -1.174537 255 255 255
1 -0.170016 -0.121323 -1.101455 255 255 255
25 0.347316 -0.219771 -0.916513 255 255 255
30 -0.586985 -0.190897 -0.999619 255 255 255
