35 -0.498380 0.291704 -0.572270 255 255 255
36 -0.454230 0.246554 -0.613599 255 255 255
37 -0.402272 0.190880 -0.663358 255 255 255
31 -0.199632 -0.315106 -0.958058 255 255 255
33 -0.274954 -0.306061 -1.051345 255 255 255
30 -0.264291 -0.356439 -0.801549 255 255 255
39 -0.398618 0.261254 -0.522044 255 255 255
40 -0.326344 0.214823 -0.534032 255 255 255
29 0.319117 -0.103789 -0.369080 255 255 255
22 0.043084 -0.273320 -0.522823 255 255 255
28 0.100167 -0.232401 -0.393166 255 255 255
25 -0.044189 -0.301723 -0.470990 255 255 255
32 -0.151874 -0.230745 -1.190166 255 255 255
38 -0.460874 0.301983 -0.512191 255 255 255
27 0.411273 -0.054412 -0.456701 255 255 255
26 0.186945 -0.200693 -0.482578 255 255 255
23 0.339561 -0.115719 -0.559783 255 255 255
24 0.550858 0.040142 -0.646725 255 255 255
12 0.440747 -0.035871 -0.815431 255 255 255
10 -0.024609 -0.302932 -0.630310 255 255 255
1 -0.112900 -0.330476 -0.697546 255 255 255
4 0.029094 -0.277838 -0.743700 255 255 255
11 0.203852 -0.194407 -0.757180 255 255 255
5 0.300317 -0.121997 -0.876170 255 255 255
6 0.403720 -0.020429 -1.028317 255 255 255
7 -0.031488 -0.289049 -0.842286 255 255 255
3 0.238122 -0.122778 -1.033592 255 255 255
9 0.353750 0.017748 -1.231805 255 255 255
15 0.224219 -0.020870 -1.320007 255 255 255
2 0.093180 -0.238418 -0.839727 255 255 255
8 0.096230 -0.196106 -1.030958 255 255 255
14 0.066016 -0.158849 -1.181309 255 255 255
21 0.085850 -0.074045 -1.354513 255 255 255
13 -0.027636 -0.265669 -0.954140 255 255 255
20 -0.081927 -0.240494 -1.107060 255 255 255
34 -0.212817 -0.208643 -1.279466 255 255 255
19 -0.178021 -0.330960 -0.851872 255 255 255
17 0.372591 -0.093836 -0.715842 255 255 255
18 0.574737 0.064177 -0.726337 255 255 255
16 0.160542 -0.222768 -0.635096 255 255 255
