18 0.653727 0.747841 -2.100662 255 255 255
4 0.229888 -0.143195 -1.217363 255 255 255
34 -0.951440 0.072708 -1.007735 255 255 255
27 1.059768 0.360791 -1.694626 255 255 255
32 -0.743624 0.023151 -1.087733 255 255 255
23 0.804042 0.243275 -1.640869 255 255 255
20 -0.540288 0.004241 -1.182529 255 255 255
11 0.323532 0.096394 -1.523053 255 255 255
29 1.166824 0.198037 -1.492180 255 255 255
2 0.087763 -0.008622 -1.374051 255 255 255
16 0.530657 -0.016365 -1.387416 255 255 255
33 -0.557875 -0.220380 -0.808898 255 255 255
7 -0.001164 -0.157876 -1.159575 255 255 255
26 0.848080 -0.010676 -1.344100 255 255 255
31 -0.332309 -0.238682 -0.909302 255 255 255
19 -0.114595 -0.295612 -0.901298 255 255 255
10 0.414693 -0.250058 -1.064471 255 255 255
22 0.670147 -0.198735 -1.122751 255 255 255
28 0.965062 -0.136317 -1.143426 255 255 255
1 0.225806 -0.317995 -0.943602 255 255 255
30 -0.071939 -0.396409 -0.719392 255 255 255
25 0.714251 -0.305760 -0.939846 255 255 255
24 0.790159 0.665190 -2.022703 255 255 255
14 -0.582464 0.249453 -1.470824 255 255 255
5 0.161816 0.317256 -1.739726 255 255 255
17 0.523388 0.349818 -1.779422 255 255 255
13 -0.213869 -0.073855 -1.217241 255 255 255
21 -0.894731 0.483233 -1.562952 255 255 255
3 -0.184070 0.341378 -1.705870 255 255 255
15 -0.734036 0.632446 -1.786872 255 255 255
6 -0.054988 0.609395 -1.974798 255 255 255
9 -0.476333 0.731463 -1.971208 255 255 255
12 0.380684 0.523960 -1.937006 255 255 255
8 -0.277693 0.138730 -1.465396 255 255 255
