9 -0.425193 0.584663 -1.593027 255 255 255
18 0.488070 0.636394 -1.821091 255 255 255
24 0.611255 0.573415 -1.772382 255 255 255
6 -0.075599 0.497962 -1.641224 255 255 255
3 -0.142878 0.273532 -1.405585 255 255 255
14 -0.441291 0.185143 -1.168878 255 255 255
5 0.138396 0.265293 -1.470697 255 255 255
17 0.429880 0.304590 -1.542290 255 255 255
34 -0.687801 0.029121 -0.748081 255 255 255
27 0.878910 0.332973 -1.531137 255 255 255
8 -0.186395 0.103995 -1.196951 255 255 255
32 -0.524071 -0.005209 -0.835975 255 255 255
23 0.679022 0.227152 -1.459075 255 255 255
20 -0.366672 -0.014474 -0.935950 255 255 255
11 0.302380 0.089522 -1.309766 255 255 255
29 0.994910 0.203442 -1.376977 255 255 255
2 0.128596 -0.004675 -1.161509 255 255 255
13 -0.099753 -0.068016 -0.999626 255 255 255
33 -0.332891 -0.198452 -0.626437 255 255 255
16 0.491001 0.004319 -1.220451 255 255 255
7 0.084046 -0.129854 -0.974801 255 255 255
31 -0.157826 -0.206466 -0.733322 255 255 255
4 0.267041 -0.109970 -1.047783 255 255 255
26 0.756404 0.020384 -1.219634 255 255 255
19 0.023700 -0.246034 -0.750244 255 255 255
10 0.439044 -0.191127 -0.942159 255 255 255
22 0.640699 -0.140155 -1.017876 255 255 255
1 0.299386 -0.253081 -0.822007 255 255 255
28 0.878824 -0.078341 -1.067798 255 255 255
30 0.082124 -0.326765 -0.605331 255 255 255
25 0.700368 -0.225949 -0.871860 255 255 255
21 -0.715733 0.367170 -1.211181 255 255 255
15 -0.613360 0.494846 -1.413219 255 255 255
12 0.289355 0.442810 -1.657197 255 255 255
