9 3.164369 5.917570 -0.313023 255 255 255
18 5.573295 5.511932 -0.424221 255 255 255
15 2.511110 5.647136 -0.399190 255 255 255
24 5.793178 5.231074 -0.560268 255 255 255
6 4.010979 5.609373 -0.593758 255 255 255
21 2.024185 5.214632 -0.571521 255 255 255
12 4.871379 5.230138 -0.777828 255 255 255
27 6.101069 4.253388 -1.024675 255 255 255
17 5.040473 4.735858 -1.058866 255 255 255
3 3.538181 5.005506 -0.990451 255 255 255
5 4.265337 4.855750 -1.081970 255 255 255
23 5.519632 4.235873 -1.220393 255 255 255
14 2.566715 4.723165 -1.022654 255 255 255
29 6.173891 3.698903 -1.254999 255 255 255
8 3.169299 4.470869 -1.267882 255 255 255
11 4.430821 4.208859 -1.426259 255 255 255
34 1.519515 3.924357 -1.106170 255 255 255
26 5.391219 3.481722 -1.582019 255 255 255
16 4.758446 3.752709 -1.596240 255 255 255
32 1.977956 3.932739 -1.265914 255 255 255
2 3.840295 3.997145 -1.545435 255 255 255
20 2.442825 3.992643 -1.370866 255 255 255
13 3.118749 3.824529 -1.571452 255 255 255
28 5.494350 2.943942 -1.737378 255 255 255
4 4.017900 3.526483 -1.742296 255 255 255
7 3.506640 3.539805 -1.725425 255 255 255
22 4.861477 3.045679 -1.834463 255 255 255
10 4.291618 3.053569 -1.889315 255 255 255
31 2.669991 3.195098 -1.733159 255 255 255
33 2.154557 3.140892 -1.625749 255 255 255
25 4.828648 2.597575 -1.956691 255 255 255
1 3.821043 2.888111 -1.948673 255 255 255
19 3.101936 3.019142 -1.859159 255 255 255
30 3.068715 2.578399 -1.968932 255 255 255
43 1.577209 3.136010 -2.254580 255 255 255
42 2.580981 2.136027 -2.254580 255 255 255
41 1.582987 2.136027 -2.254580 255 255 255
38 4.045583 1.169355 0.825402 255 255 255
40 4.229644 1.706937 0.421029 255 255 255
39 4.128445 1.414590 0.639696 255 255 255
35 3.731505 1.164582 0.834507 255 255 255
37 3.562205 1.734486 0.402690 255 255 255
36 3.650391 1.423803 0.639277 255 255 255
