9 1.583139 3.785468 1.943633 255 255 255
18 3.994563 3.379487 1.832344 255 255 255
15 0.928889 3.515045 1.857265 255 255 255
24 4.214669 3.098314 1.696263 255 255 255
6 2.430633 3.476874 1.662533 255 255 255
21 0.441853 3.081594 1.684804 255 255 255
12 3.291873 3.097259 1.478370 255 255 255
27 4.522760 2.119367 1.231271 255 255 255
17 3.461037 2.602263 1.197102 255 255 255
3 1.957224 2.872371 1.265518 255 255 255
5 2.685152 2.722492 1.173905 255 255 255
23 3.940744 2.101973 1.035410 255 255 255
14 0.984688 2.589803 1.233335 255 255 255
29 4.595750 1.564752 1.000712 255 255 255
8 1.588033 2.337340 0.987742 255 255 255
11 2.850827 2.075082 0.829201 255 255 255
34 -0.063450 1.790105 1.149591 255 255 255
26 3.812169 1.347044 0.673347 255 255 255
16 3.178724 1.618563 0.658998 255 255 255
32 0.395303 1.798789 0.989792 255 255 255
2 2.259651 1.863105 0.709908 255 255 255
20 0.860826 1.858449 0.884640 255 255 255
13 1.537323 1.690337 0.683764 255 255 255
28 3.915369 0.808837 0.517712 255 255 255
4 2.437374 1.391906 0.512878 255 255 255
7 1.925604 1.405184 0.529756 255 255 255
22 3.281869 0.910604 0.420588 255 255 255
10 2.711369 0.918539 0.365640 255 255 255
31 1.088139 1.060135 0.521939 255 255 255
33 0.572203 1.005817 0.629478 255 255 255
25 3.248958 0.462071 0.298173 255 255 255
1 2.240315 0.752929 0.306178 255 255 255
19 1.520486 0.884058 0.395786 255 255 255
30 1.487191 0.442791 0.285942 255 255 255
43 -0.005745 1.001024 0.000000 255 255 255
42 0.998962 0.000000 0.000000 255 255 255
41 0.000000 0.000000 0.000000 255 255 255
38 2.461496 -0.968354 3.084171 255 255 255
40 2.646450 -0.429621 2.678975 255 255 255
39 2.545465 -0.722386 2.897836 255 255 255
35 2.151309 -0.972585 3.092432 255 255 255
37 1.979557 -0.401952 2.659584 255 255 255
36 2.069164 -0.712954 2.896643 255 255 255
